----------------------------2----------------
18 86 5 :n m k
8 11 15 16 18 26 35 35 39 40 44 51 59 63 71 80 88 92 100 108 113 117 123 124 131 134 141 141 141 148 152 153 153 154 156 161 162 163 168 175 179 180 184 188 196 200 203 209 210 212 216 222 230 232 239 246 251 257 264 272 277 281 290 298 303 304 307 315 319 319 324 325 326 327 332 341 347 356 363 370 373 376 381 384 389 393 
8 22 44 66 88 119 161 198 241 283 334 394 458 526 601 688 784 883 990 1099 1217 1337 1463 1591 1726 1866 2010 2156 2302 2455 2610 2771 2932 3089 3249 3412 3582 3746 3920 4100 4282 4468 4658 4846 5043 5245 5455 5665 5876 6095 6315 6544 6776 7015 7257 7510 7764 8027 8295 8567 8845 9126 9424 9723 10029 10337 10650 10968 11294 11617 11949 12276 12602 12934 13268 13612 13966 14324 14691 15070 15444 15828 16217 16604 17000 17396 
11 35 79 154 249 371 535 740 984 1273 1609 2011 2471 3002 3608 4305 5093 5984 6983 8083 9302 10644 12107 13702 15429 17296 19313 21471 23774 26230 28849 31624 34559 37650 40905 44319 47906 51661 55582 59682 63971 68442 73108 77954 83006 88257 93713 99383 105265 111362 117685 124237 131020 138043 145305 152824 160590 168619 176915 185485 194335 203463 212895 222619 232652 242993 253646 264615 275914 287538 299489 311767 324369 337303 350575 364188 378162 392491 407190 422264 437716 453550 469772 486381 503388 520784 
12 53 141 299 557 930 1467 2209 3195 4471 6086 8103 10582 13592 17201 21511 26604 32594 39583 47668 56970 67623 79731 93439 108876 126179 145498 166973 190749 216982 245832 277460 312021 349673 390587 434907 482818 534480 590065 649754 713731 782175 855289 933247 1016255 1104519 1198232 1297617 1402887 1514257 1631948 1756191 1887220 2025272 2170581 2323412 2484009 2652630 2829549 3015035 3209375 3412843 3625744 3848370 4081030 4324030 4577677 4842297 5118211 5405755 5705246 6017019 6341396 6678699 7029276 7393464 7771634 8164129 8571323 8993592 9431310 9884863 10354636 10841021 11344413 11865204 
12 66 208 516 1078 2013 3487 5699 8897 13372 19461 27564 38153 51753 68954 90469 117075 149677 189264 236935 293905 361535 441269 534713 643590 769777 915284 1082263 1273014 1489999 1735832 2013301 2325329 2675006 3065594 3500503 3983330 4517818 5107888 5757644 6471379 7253554 8108847 9042096 10058359 11162882 12361120 13658740 15061631 16575888 18207844 19964040 21851267 23876542 26047125 28370538 30854548 33507181 36336739 39351779 42561163 45974006 49599757 53448133 57529170 61853208 66430893 71273196 76391413 81797174 87502421 93519440 99860844 106539550 113568830 120962303 128733939 136898068 145469393 154462993 163894306 173779171 184133810 194974833 206319251 218184462 
13 84 300 817 1900 3917 7404 13108 22006 35386 54851 82416 120575 172329 241292 331765 448844 598530 787797 1024733 1318642 1680179 2121453 2656172 3299768 4069549 4984834 6067105 7340128 8830133 10565970 12579280 14904610 17579619 20645215 24145724 28129063 32646883 37754775 43512421 49983800 57237362 65346212 74388316 84446676 95609560 107970685 121629432 136691067 153266955 171474800 191438840 213290111 237166659 263213792 291584332 322438882 355946063 392282804 431634587 474195756 520169769 569769529 623217671 680746843 742600058 809030959 880304157 956695571 1038492747 1125995172 1219514615 1319375461 1425915011 1539483842 1660446151 1789180094 1926078170 2071547566 2226010567 2389904873 2563684048 2747817858 2942792695 3149111949 3367296420 
21 113 420 1238 3138 7056 14469 27584 49596 84990 139843 222264 342845 515178 756476 1088241 1537085 2135624 2923426 3948161 5266806 6946986 9068446 11724619 15024391 19093947 24078783 30145889 37486025 46316166 56882142 69461431 84366048 101945670 122590887 146736618 174865688 207512572 245267354 288779780 338763581 396000952 461347165 535735481 620182162 715791729 823762416 945391855 1082082929 1235349891 1406824691 1598263531 1811553650 2048720318 2311934113 2603518450 2925957338 3281903408 3674186220 4105820813 4580016575 5100186348 5669955884 6293173560 6973920412 7716520479 8525551440 9405855603 10362551176 11401043924 12527039100 13746553721 15065929184 16491844200 18031328050 19691774208 21480954306 23407032478 25478580051 27704590619 30094495492 32658179547 35405997408 38348790103 41497902060 44865198487 
25 145 569 1811 4954 12013 26484 54077 103675 188672 328516 550784 893631 1408816 2165298 3253542 4790628 6926256 9849690 13797859 19064669 26011662 35080111 46804737 61829132 80923083 105001875 135147767 172633792 218949967 275832110 345293548 429659603 531605281 654196171 800932793 975798482 1183311060 1428578420 1717358205 2056121791 2452122750 2913469924 3449205412 4069387580 4785179317 5608941736 6554333599 7636416532 8871766426 10278591125 11876854665 13688408315 15737128634 18049062753 20652581208 23578538554 26860441967 30534628187 34640449008 39220465589 44320651939 49990607830 56283781395 63257701807 70974222286 79499773728 88905629334 99268180518 110669224450 123196263558 136942817285 152008746474 168500590682 186531918737 206223692948 227704647262 251111679748 276590259800 304294850421 334389345916 367047525465 402453522874 440802312981 482300215044 527165413540 
25 171 741 2558 7513 19535 46022 100102 203783 392455 720976 1271769 2165402 3574226 5739533 8993075 13783712 20709973 30559670 44357538 63422208 89433871 124513989 171318727 233147863 314070955 419072835 554220608 726854401 945804369 1221636481 1566930031 1996589638 2528194922 3182391102 3983323900 4959122387 6142433451 7571011872 9288370080 11344491875 13796614633 16710084559 20159289980 24228677567 29013856888 34622798633 41177132240 48813548781 57685315216 67963906348 79840761015 93529169332 109266297970 127315360727 147967941943 171546480500 198406922468 228941550662 263581999676 302802465269 347123117217 397113725056 453397506459 516655208270 587629430556 667129204289 756034833632 855303014154 965972238610 1089168502171 1226111319464 1378120065945 1546620656634 1733152575378 1939376268332 2167080915595 2418192595352 2694782855156 2999077705580 3333467051496 3700514576962 4102968099841 4543770412826 5026070627877 5553236041418 
31 204 947 3509 11023 30567 76597 176701 380484 772945 1493928 2765697 4931101 8505335 14244874 23237949 37021662 57731641 88291318 132648857 196071071 285504947 410018940 581337672 814485544 1128556508 1547629350 2101849960 2828704368 3774508738 4996145228 6563075267 8559664910 11087859834 14270250941 18253574850 23212697240 29355130694 36926142567 46214512652 57559004529 71355619170 88065703736 108224993720 132453671294 161467528185 196090326824 237267459064 286081007846 343766323068 411730229419 491570990441 585100159774 694366457752 821681818483 969649760427 1141196240936 1339603163405 1568544714072 1832126713754 2134929179027 2482052296249 2879166021312 3332563527773 3849218736052 4436848166610 5103977370900 5860012204536 6715315218695 7681287457307 8770455959479 9996567278950 11374687344898 12921308001532 14654460576913 16593836845245 18760917760845 21179110356197 23873893211355 26872970916941 30206437968443 33906952545411 38009920645256 42553691058091 47579761685974 53132997727400 
32 238 1190 4701 15732 46301 122904 299610 680103 1453048 2946980 5712678 10643780 19149115 33393997 56631952 93653617 151385266 239676593 372325453 568396525 853901473 1263920421 1845258096 2659743643 3788300157 5335929508 7437779469 10266483837 14040992576 19037137811 25600213079 34159877992 45247737829 59517988773 77771563624 100984260869 130339391564 167265534137 213480046793 271039051324 342394670496 430460374239 538685367964 671139039262 832606567452 1028696894277 1265964353348 1552045361197 1895811684267 2307541913688 2799112904136 3384213063913 4078579521667 4900261340150 5869911100586 7011107341531 8350710504940 9919255219012 11751381932775 13886311111807 16368363408064 19247529429376 22580092957157 26429311693210 30866159859825 35970137230727 41830149435271 48545464653973 56226752111280 64997208070763 74993775349722 86368462694625 99289770696158 113944231273075 130538068118329 149298985879182 170478096235387 194351989446751 221224960363696 251431398332139 285338350877551 323348271522810 365901962580905 413481724266883 466614721994286 
35 278 1473 6183 21920 68225 191133 490748 1170858 2623911 5570899 11283579 21927366 41076487 74470493 131102454 224756071 376141337 615817934 988143390 1556539920 2410441397 3674361822 5519619921 8179363569 11967663726 17303593237 24741372714 35007856554 49048849139 68085986954 93686200041 127846078037 173093815875 232611804656 310383368282 411367629155 541707020723 708972554867 922452601663 1193491652996 1535886323498 1966346697742 2505032065714 3176171104978 4008777672437 5037474566722 6303438920075 7855484281279 9751295965548 12058837879236 14857950783376 18242163847297 22320743368970 27221004709127 33090915809716 40102023151253 48452733656196 58371988875212 70123370807988 84009681919799 100378045327871 119625574757247 142205667714413 168634979407631 199501139267456 235471276498186 277301425933461 325846890587438 382073642698718 447070850769490 522064626119216 608433088813849 707722859510011 821667090783088 952205158901420 1101504144780605 1271982241015992 1466334230462751 1687559190826448 1938990589158592 2224328940036143 2547677211558958 2913579174139866 3327060898406756 3793675620401047 
44 331 1809 8000 29923 98155 289290 780041 1950908 4574822 10145724 21429312 43356686 84433180 158903678 290006141 514762220 890903566 1506721507 2494864900 4051404824 6461846221 10136208051 15655827978 23835191547 35802855282 53106448520 77847821237 112855677798 161904526944 229990513900 323676713943 451522791988 624616607870 857228412528 1167611780813 1578979409974 2120686430703 2829658985576 3752111587244 4945603240242 6481489563740 8447836261488 10952868327202 14129039432189 18137817104628 23175291671359 29478730591442 37334214872724 47085510838281 59144348717520 74002299500903 92244463348201 114565206717172 141786211426305 174877127236023 214979150387279 263431884043482 321803872918701 391927243726689 475936925646494 576314970974374 695940545731625 838146213446042 1006781192853679 1206282332121141 1441753608619334 1719055034552800 2044901925140242 2426975567838966 2874046418608458 3396111044727680 4004544133541535 4712266993051547 5533934083834642 6486139242736069 7587643387516677 8859625628532677 10325959858995435 12013519049821891 13952509638980490 16176838579016633 18724515790575599 21638094964715466 24965155863122226 28758831483523277 
45 381 2197 10198 40123 138287 427577 1207619 3158530 7733358 17879091 39308404 82665094 167098278 326001961 616008104 1130770333 2021673901 3528395408 6023260308 10074665133 16536511361 26672719417 42328547404 66163738956 101966594241 155073042770 232920864014 345776541813 507681068759 737671582660 1061348296608 1512871088603 2137487696473 2994716109010 4162327889832 5741307299815 7861993730519 10691652716095 14443764303343 19389367543592 25870857107341 34318693368834 45271561696039 59400601128234 77538418232865 100713709904229 130192440495676 167526655368405 214612166206691 273756514924218 347758814425129 440003277773335 554568484490509 696354695916823 871231823152846 1086210973540132 1349642857583614 1671446730502322 2063373974229012 2539310899875508 3115625870849883 3811566416581516 4649712630027567 5656493822881247 6862776155002395 8304529763621737 10023584798174538 12068486723314780 14495462291153746 17369508709762211 20765619754489899 24770163888031436 29482430881082986 35016364964917629 41502504207653706 49090147595170389 57949773223703075 68275733082698515 80289252132520409 94241761771500905 110418600350517542 129143116141093144 150781211105808611 175746366968930843 204505198452454122 
54 436 2636 12837 52961 191252 618834 1826457 4984992 12718357 30597453 69905859 152570958 319669244 645671210 1261679322 2392449661 4414123565 7942518973 13965779282 24040444421 40576955782 67249675206 109578222617 175741961580 277708555823 432781598597 665702462612 1011479004430 1519160073194 2256831655861 3318179952476 4831051041088 6968538737563 9963254846575 14125582736409 19866890036233 27728883766752 38420536482853 52864300786200 72253668329799 98124525437143 132443218805985 177714780502028 237115381630264 314653799863134 415367509767365 545559950263041 713086605631446 927698771838141 1201455286762360 1549214101187498 1989217378960837 2543785863451354 3240140559368183 4111372382521030 5197583356061162 6547226213644778 8218672944147102 10282046918376121 12821357818251637 15936983689101521 19748550105683041 24398262735710617 30054756558591870 36917532713594274 45222062477216012 55245647275390557 67314133998705346 81809596289859101 99179104999621315 119944724754111222 144714888642142660 174197319523225647 209213684488143280 250716188695796990 299806336290967386 357756109514670470 426031842597368989 506321094729889407 600562856501390315 710981456851907862 840124572993001014 990905784098809625 1166652151067740473 1371157349520194600 
63 500 3143 15987 68954 260210 879051 2705517 7690510 20408873 51006331 120912190 273483157 593152403 1238823614 2500502944 4892952610 9307076176 17249595150 31215374441 55255818867 95832774654 163082449868 272660672489 448402634071 726111189901 1158892788506 1824595251127 2836074255563 4355234328757 6612065984623 9930245937102 14761296978191 21729835715758 31693090562333 45818673298751 65685563334993 93414447101745 131834983584607 184699284370809 256952952700614 355077478137763 487520696943750 665235477445784 902350859076057 1217004658939196 1632372168706565 2177932118969612 2891018724601064 3818717496439212 5020172783201579 6569386884389078 8558604263349920 11102390126801281 14342530686169472 18453903068690509 23651486424751676 30198712638396462 38417385582543572 48699432500919696 61520790319171341 77457774008272865 97206324113955912 121604586849666530 151659343408258400 188576876121852682 233798938599068695 289044585874459261 356358719873164615 438168316163023716 537347421162645032 657292145916756261 802007034558898927 976204354082124579 1185418038570267864 1436134227266064861 1735940563557032249 2093696673071702720 2519728515669071715 3026049610398961122 3626612466900351446 4337593923752259313 5177718496745260330 6168624280844069959 7335276431911810435 8706433781432005036 
69 572 3723 19719 88674 348887 1227947 3933471 11623982 32032856 83039194 203951393 477434554 1070586965 2309410579 4809913527 9702866138 19009942321 36259537473 67474911920 122730730789 218563505445 381645955313 654306627807 1102709261878 1828820451779 2987713240289 4812308491421 7648382746987 12003617075752 18615683060383 28545928997490 43307225975682 65037061691448 96730152253787 142548825552543 208234388887537 301648835989290 433483819573899 618183103944710 875136056645333 1230213534783097 1717734231726851 2382969709172638 3285320568248704 4502325227187904 6134697395894478 8312629514864090 11203648239465157 15022365735904372 20042538519105959 26611925403495044 35170529666844971 46272919793646260 60615450479815734 79069353548506250 102720839973257926 132919552611654395 171336938194197972 220036370695117671 281557161014289019 359014935022561887 456221259136517799 577825845986184330 729485189394442734 918062065516295425 1151861004115364126 1440905589989823392 1797264309862988014 2235432626026011730 2772780047188656762 3430072193105413031 4232079227664311959 5208283581746436542 6393701620316704409 7829835847582769270 -8880967662569750097 -6787270989498047375 -4267542473828975660 -1241492863430014535 2385119603470336918 6722713527222596239 -6546312049741695045 -377687768897625081 6957588663014185362 -2782721629263361214 
69 645 4376 24098 112781 461671 1689619 5623095 17247081 49279939 132319142 336270538 813705092 1884292063 4193702644 9003616171 18706482315 37716424636 73975962110 141450874032 264181604824 482745110272 864391065587 1518697693401 2621406955282 4450227407068 7437940647361 12250249138785 19898631885781 31902248961534 50517932021920 79063861019414 122371086995104 187408148686553 284138300940349 426687126492901 634921515380442 936570351369732 1370054170943637 1988237274888347 2863373331533684 4093586866316786 5811321098043640 8194290807216284 11479611375464992 15981936602652903 22116633998547387 30429263513411479 41632911752876643 56655277488781024 76697816007886988 103309741411382032 138480271078227005 184753190871873272 245368641351689015 324437994900195272 427158834873453205 560078387485107604 731415325679305576 951451696374423253 1233008857388712279 1592023792411274171 2048245051547791972 2626070897533976307 3355556086928419047 4273618152444714474 5425479156560078607 6866384746549902002 8663649056412890020 -7547662391270649863 -4774882344081993098 -1344810150976580058 2887269076687731902 8095552658434168453 -3957489794958678747 3872346052624090528 -5008621609945659563 6650851474265844682 2383309000436869029 1141816137006854498 3526935740477191421 -8197094806009763954 3703337217958092623 3325649449060467550 -8163505961634898702 7500516482811291708 


8 19 34 50 68 94 129 164 203 243 287 338 397 460 531 611 699 791 891 999 1112 1229 1352 1476 1607 1741 1882 2023 2164 2312 2464 2617 2770 2924 3080 3241 3403 3566 3734 3909 4088 4268 4452 4640 4836 5036 5239 5448 5658 5870 6086 6308 6538 6770 7009 7255 7506 7763 8027 8299 8576 8857 9147 9445 9748 10052 10359 10674 10993 11312 11636 11961 12287 12614 12946 13287 13634 13990 14353 14723 15096 15472 15853 16237 16626 17019 
16 49 108 190 296 441 637 870 1150 1473 1851 2296 2813 3402 4074 4842 5714 6689 7779 8986 10316 11770 13356 15071 16928 18928 21079 23376 25819 28422 31184 34108 37193 40436 43841 47414 51158 55067 59155 63430 67891 72539 77381 82415 87654 93099 98757 104631 110717 117024 123555 130321 137327 144574 152070 159826 167841 176125 184684 193523 202645 212052 221766 231787 242119 252760 263717 275000 286613 298549 310822 323423 336351 349612 363212 377165 391478 406158 421212 436652 452469 468673 485271 502259 519648 537437 
27 95 233 469 824 1340 2071 3044 4308 5904 7891 10347 13335 16926 21206 26279 32244 39203 47276 56566 67198 79296 92989 108406 125692 144988 166452 190220 216437 245270 276881 311429 349073 389966 434276 482168 533818 589388 649058 713015 781447 854537 932487 1015475 1103720 1197422 1296793 1402050 1513401 1631070 1755286 1886289 2024315 2169605 2322406 2482986 2651591 2828494 3013968 3208292 3411749 3624619 3847228 4079868 4322852 4576486 4841089 5116987 5404514 5703988 6015750 6340118 6677415 7027979 7392154 7770295 8162770 8569941 8992185 9429889 9883422 10353176 10839546 11342915 11863692 12402265 
39 160 439 974 1886 3332 5530 8712 13171 19238 27311 37870 51440 68623 90104 116688 149257 188810 236466 293424 361026 440747 534171 643027 769189 914664 1081626 1272367 1489333 1735148 2012591 2324599 2674264 3064830 3499727 3982526 4516994 5107044 5756779 6470490 7252653 8107918 9041157 10057392 11161892 12360113 13657716 15060590 16574828 18206754 19962918 21850112 23875358 26045920 28369302 30853294 33505908 36335441 39350464 42559823 45972655 49598368 53446721 57527731 61851745 66429409 71271689 76389884 81795622 87500851 93517859 99859246 106537939 113567202 120960653 128732258 136896367 145467667 154461234 163892530 173777373 184131990 194972996 206317386 218182576 230586353 
51 238 725 1776 3766 7225 12910 21791 35147 54586 82120 120243 171966 240902 331337 448390 598034 787264 1024184 1318077 1679584 2120840 2655533 3299102 4068854 4984106 6066352 7339356 8829336 10565150 12578425 14903734 17578728 20644300 24144791 28128093 32645891 37753759 43511382 49982737 57236279 65345098 74387184 84445515 95608374 107969477 121628200 136689814 153265683 171473497 191437505 213288739 237165252 263212356 291582863 322437393 355944555 392281269 431633031 474194169 520168164 569767883 623215993 680745136 742598320 809029192 880302365 956693756 1038490907 1125993310 1219512739 1319373566 1425913103 1539481916 1660444197 1789178105 1926076153 2071545521 2226008481 2389902770 2563681919 2747815707 2942790523 3149109746 3367294187 3597882426 
64 335 1122 2990 6880 14256 27345 49334 84696 139521 221906 342445 514743 756008 1087735 1536553 2135041 2922801 3947518 5266144 6946293 9067728 11723874 15023615 19093135 24077936 30145016 37485125 46315233 56881180 69460425 84365014 101944618 122589809 146735515 174864541 207511402 245266153 288778551 338762327 395999669 461345850 535734148 620180795 715790330 823760993 945390401 1082081447 1235348383 1406823152 1598261960 1811552034 2048718658 2311932421 2603516720 2925955582 3281901626 3674184403 4105818969 4580014694 5100184445 5669953933 6293171572 6973918386 7716518413 8525549343 9405853475 10362549023 11401041745 12527036895 13746551496 15065926938 16491841936 18031325760 19691771883 21480951942 23407030084 25478577622 27704588148 30094493004 32658177026 35405994862 38348787536 41497899454 44865195844 48463080503 
85 469 1676 4782 11810 26242 53800 103373 188331 328146 550374 893177 1408320 2164763 3252966 4790025 6925598 9848982 13797125 19063912 26010867 35079288 46803880 61828240 80922151 105000899 135146762 172632760 218948893 275831006 345292393 429658413 531604065 654194926 800931519 975797163 1183309712 1428577035 1717356787 2056120343 2452121266 2913468399 3449203862 4069385990 4785177687 5608940079 6554331903 7636414804 8871764669 10278589329 11876852828 13688406433 15737126707 18049060788 20652579200 23578536512 26860439894 30534626079 34640446865 39220463403 44320649729 49990605565 56283779088 63257699462 70974219901 79499771310 88905626882 99268178033 110669221931 123196261005 136942814706 152008743869 168500588051 186531916075 206223690248 227704644515 251111676963 276590256979 304294847556 334389343031 367047522545 402453519928 440802310010 482300212031 527165410481 575628493627 
110 639 2415 7332 19314 45759 99801 203451 392084 720571 1271315 2164902 3573676 5738935 8992436 13783037 20709238 30558878 44356711 63421357 89432981 124513064 171317767 233146864 314069907 419071738 554219476 726853241 945803166 1221635246 1566928743 1996588311 2528193566 3182389708 3983322472 4959120909 6142431940 7571010323 9288368495 11344490256 13796612970 16710082853 20159288240 24228675780 29013855057 34622796766 41177130326 48813546826 57685313223 67963904309 79840758933 93529167203 109266295792 127315358507 147967939672 171546478192 198406920128 228941548280 263581997253 302802462799 347123114714 397113722489 453397503842 516655205611 587629427857 667129201552 756034830852 855303011337 965972235753 1089168499277 1226111316536 1378120062984 1546620653640 1733152572346 1939376265256 2167080912471 2418192592181 2694782851945 2999077702322 3333467048218 3700514573648 4102968096496 4543770409452 5026070624454 5553236037948 6128864534634 
135 835 3352 10827 30322 76302 176366 380118 772534 1493476 2765196 4930552 8504728 14244213 23237247 37020923 57730836 88290449 132647952 196070136 285503968 410017922 581336614 814484438 1128555344 1547628130 2101848703 2828703076 3774507402 4996143851 6563073829 8559663428 11087858321 14270249385 18253573251 23212695588 29355129006 36926140840 46214510884 57559002725 71355617314 88065701830 108224991776 132453669296 161467526140 196090324737 237267456930 286081005670 343766320848 411730227150 491570988122 585100157407 694366455328 821681816013 969649757905 1141196238368 1339603160804 1568544711424 1832126711059 2134929176281 2482052293465 2879166018457 3332563524866 3849218733094 4436848163610 5103977367861 5860012201450 6715315215567 7681287454137 8770455956271 9996567275701 11374687341613 12921307998214 14654460573554 16593836841842 18760917757389 21179110352694 23873893207810 26872970913343 30206437964819 33906952541745 38009920641555 42553691054352 47579761682180 53132997723551 59261862261655 
166 1070 4534 15518 46036 122583 299244 679697 1452597 2946484 5712132 10643185 19148462 33393282 56631190 93652815 151384390 239675644 372324465 568395506 853900409 1263919310 1845256942 2659742438 3788298888 5335928182 7437778105 10266482438 14040991132 19037136319 25600211525 34159876391 45247736194 59517987092 77771561899 100984259086 130339389744 167265532272 213480044883 271039049376 342394668494 430460372180 538685365862 671139037102 832606565240 1028696892022 1265964351039 1552045358843 1895811681867 2307541911237 2799112901628 3384213061354 4078579519049 4900261337486 5869911097861 7011107338751 8350710502123 9919255216148 11751381929855 13886311108831 16368363405042 19247529426283 22580092954004 26429311690005 30866159856573 35970137227434 41830149431923 48545464650576 56226752107841 64997208067282 74993775346191 86368462691053 99289770692552 113944231269424 130538068114625 149298985875417 170478096231567 194351989442880 221224960359768 251431398328185 285338350873554 323348271518775 365901962576828 413481724262747 466614721990092 525876584255596 
198 1340 5994 21679 67929 190777 490342 1170405 2623408 5570343 11282971 21926702 41075759 74469694 131101599 224755176 376140368 615816888 988142302 1556538796 2410440224 3674360598 5519618651 8179362243 11967662336 17303591787 24741371218 35007855020 49048847551 68085985314 93686198331 127846076276 173093814071 232611802798 310383366378 411367627189 541707018716 708972552808 922452599556 1193491650842 1535886321284 1966346695466 2505032063387 3176171102591 4008777669991 5037474564225 6303438917519 7855484278671 9751295962892 12058837876529 14857950780608 18242163844470 22320743366078 27221004706182 33090915806707 40102023148183 48452733653086 58371988872051 70123370804770 84009681916521 100378045324539 119625574753844 142205667710941 168634979404099 199501139263877 235471276494563 277301425929779 325846890583703 382073642694941 447070850765662 522064626115334 608433088809918 707722859506042 821667090779072 952205158897348 1101504144776469 1271982241011801 1466334230458501 1687559190822140 1938990589154253 2224328940031761 2547677211554533 2913579174135396 3327060898402220 3793675620396448 4319552204656238 
233 1653 7780 29648 97818 288891 779589 1950400 4574261 10145107 21428634 43355944 84432367 158902789 290005187 514761218 890902481 1506720338 2494863686 4051403570 6461844918 10136206689 15655826564 23835190077 35802853739 53106446916 77847819584 112855676100 161904525185 229990512087 323676712058 451522790044 624616605876 857228410478 1167611778714 1578979407807 2120686428489 2829658983304 3752111584919 4945603237868 6481489561306 8447836258986 10952868324649 14129039429567 18137817101945 23175291668616 29478730588632 37334214869859 47085510835359 59144348714544 74002299497859 92244463345097 114565206714002 141786211423076 174877127232728 214979150383920 263431884040076 321803872915237 391927243723168 475936925642907 576314970970724 695940545727900 838146213442244 1006781192849815 1206282332117224 1441753608615366 1719055034548768 2044901925136153 2426975567834829 2874046418604268 3396111044723430 4004544133537230 4712266993047203 5533934083830244 6486139242731608 7587643387512149 8859625628528086 10325959858990778 12013519049817168 13952509638975729 16176838579011829 18724515790570744 21638094964710565 24965155863117255 28758831483518239 33078383688179076 
277 2028 9964 39832 137925 427153 1207141 3157993 7732762 17878430 39307681 82664303 167097412 326001014 616007090 1130769262 2021672745 3528394168 6023259023 10074663807 16536509979 26672717971 42328545897 66163737388 101966592597 155073041056 232920862244 345776539997 507681066880 737671580726 1061348294597 1512871086526 2137487694346 2994716106818 4162327887582 5741307297488 7861993728144 10691652713662 14443764300853 19389367541046 25870857104726 34318693366146 45271561693297 59400601125417 77538418229984 100713709901283 130192440492658 167526655365327 214612166203551 273756514921017 347758814421852 440003277769993 554568484487099 696354695913345 871231823149302 1086210973536517 1349642857579952 1671446730498595 2063373974225227 2539310899871655 3115625870845966 3811566416577516 4649712630023485 5656493822877098 6862776154998186 8304529763617469 10023584798170205 12068486723310390 14495462291149308 17369508709757713 20765619754485333 24770163888026813 29482430881078321 35016364964912909 41502504207648915 49090147595165525 57949773223698139 68275733082693508 80289252132515333 94241761771495785 110418600350512375 129143116141087923 150781211105803343 175746366968925499 204505198452448709 237583582140632823 
322 2454 12587 52653 190869 618384 1825949 4984420 12717719 30596745 69905087 152570113 319668316 645670196 1261678233 2392448509 4414122325 7942517649 13965777912 24040443004 40576954309 67249673662 109578221005 175741959900 277708554065 432781596765 665702460723 1011479002490 1519160071186 2256831653791 3318179950322 4831051038859 6968538735282 9963254844227 14125582734001 19866890033739 27728883764210 38420536480247 52864300783533 72253668327069 98124525434341 132443218803102 177714780499087 237115381627246 314653799860047 415367509764211 545559950259815 713086605628160 927698771834789 1201455286758946 1549214101183999 1989217378957269 2543785863447710 3240140559364465 4111372382517245 5197583356057306 6547226213640873 8218672944143130 10282046918372084 12821357818247524 15936983689097343 19748550105678776 24398262735706261 30054756558587441 36917532713589776 45222062477211454 55245647275385927 67314133998700650 81809596289854348 99179104999616499 119944724754106330 144714888642137709 174197319523220653 209213684488138227 250716188695791862 299806336290962178 357756109514665181 426031842597363625 506321094729883965 600562856501384826 710981456851902321 840124572992995411 990905784098803975 1166652151067734742 1371157349520188795 1608740931660827031 
376 2944 15713 68616 259793 878560 2704959 7689887 20408178 51005561 120911356 273482241 593151402 1238822526 2500501773 4892951371 9307074848 17249593737 31215372973 55255817347 95832773073 163082448208 272660670757 448402632269 726111188014 1158892786537 1824595249092 2836074253471 4355234326597 6612065982396 9930245934788 14761296975801 21729835713312 31693090559820 45818673296169 65685563332316 93414447099020 131834983581809 184699284367948 256952952697684 355077478134755 487520696940659 665235477442629 902350859072816 1217004658935881 1632372168703179 2177932118966148 2891018724597534 3818717496435609 5020172783197907 6569386884385320 8558604263346088 11102390126797366 14342530686165475 18453903068686438 23651486424747529 30198712638392258 38417385582539293 48699432500915349 61520790319166910 77457774008268366 97206324113951320 121604586849661846 151659343408253643 188576876121847848 233798938599063800 289044585874454285 356358719873159565 438168316163018609 537347421162639861 657292145916751007 802007034558893608 976204354082119212 1185418038570262433 1436134227266059348 1735940563557026654 2093696673071697043 2519728515669065957 3026049610398955286 3626612466900345554 4337593923752253364 5177718496745254316 6168624280844063894 7335276431911804286 8706433781431998812 -8131569360616719968 
439 3507 19419 88309 348440 1227417 3932867 11623312 32032113 83038369 203950495 477433570 1070585888 2309409415 4809912276 9702864818 19009940905 36259535970 67474910356 122730729171 218563503764 381645953553 654306625970 1102709259971 1828820449787 2987713238211 4812308489272 7648382744778 12003617073467 18615683058023 28545928995038 43307225973153 65037061688855 96730152251121 142548825549803 208234388884701 301648835986398 433483819570932 618183103941678 875136056642223 1230213534779908 1717734231723575 2382969709169295 3285320568245266 4502325227184388 6134697395890882 8312629514860416 11203648239461414 15022365735900553 20042538519102063 26611925403491055 35170529666840901 46272919793642099 60615450479811489 79069353548501924 102720839973253524 132919552611649929 171336938194193426 220036370695113054 281557161014284311 359014935022557108 456221259136512927 577825845986179365 729485189394437692 918062065516290297 1151861004115358931 1440905589989818111 1797264309862982652 2235432626026006311 2772780047188651279 3430072193105407457 4232079227664306319 5208283581746430850 6393701620316698650 7829835847582763429 -8880967662569756020 -6787270989498053382 -4267542473828981748 -1241492863430020704 2385119603470330686 6722713527222589942 -6546312049741701409 -377687768897631501 6957588663014178850 -2782721629263367805 7532453083829470067 
508 4148 23783 112392 461197 1689061 5622458 17246374 49279157 132318269 336269589 813704057 1884290929 4193701421 9003614861 18706480930 37716423155 73975960541 141450872400 264181603135 482745108517 864391063751 1518697691481 2621406953289 4450227404983 7437940645186 12250249136536 19898631883463 31902248959139 50517932019447 79063861016845 122371086992450 187408148683834 284138300937548 426687126490017 634921515377458 936570351366692 1370054170940516 1988237274885161 2863373331530416 4093586866313434 5811321098040198 8194290807212769 11479611375461378 15981936602649204 22116633998543602 30429263513407614 41632911752872702 56655277488776998 76697816007882880 103309741411377831 138480271078222721 184753190871868890 245368641351684540 324437994900190709 427158834873448559 560078387485102890 731415325679300782 951451696374418382 1233008857388707310 1592023792411269126 2048245051547786832 2626070897533971069 3355556086928413726 4273618152444709065 5425479156560073124 6866384746549896430 8663649056412884363 -7547662391270655580 -4774882344081998882 -1344810150976585942 2887269076687725951 8095552658434162441 -3957489794958684833 3872346052624084355 -5008621609945665824 6650851474265838333 2383309000436862592 1141816137006847976 3526935740477184831 -8197094806009770611 3703337217958085893 3325649449060460756 -8163505961634905590 7500516482811284733 -3413774507068790225 
577 4862 28873 141580 603166 2292701 7915717 25162728 74442592 206761643 543032105 1356737111 3241029075 7434731630 16438347714 35144829954 72861254494 146837216516 288288090485 552469695252 1035214805458 1899605870964 3418303564281 6039710519490 10489937926466 17927878573737 30178127712448 50076759598160 81979008559617 132496940581459 211560801600777 333931888595796 521340037282284 805478338222551 1232165464715369 1867086980095711 2803657331465387 4173711502408943 6161948777297225 9025322108830827 13118908975147529 18930230073191079 27124520880407290 38604132255872183 54586068858525001 76702702857072302 107131966370483701 148764878123360268 205420155612141207 282117971620028113 385427713031410052 523907984109636974 708661174981510148 954029816333199070 1278467811233394254 1705626646106847376 2265705033591954912 2997120359271260408 3948572055645683584 5181580913034395765 6773604705445669860 8821849756993461737 -6998823419182113670 -3643267332253694706 630350820191019680 6055829976751098213 -5524529350408551490 3139119706004338445 -4408542685266311478 -9183425029348304643 7918508893384666815 -7640966103637152966 454586554797015426 -3502903240161663395 369442812462427046 -4639178797483232605 2011672676782611989 4394981677219480930 5536797814226335343 9063733554703526696 866638748693762675 4569975966651855225 7895625415712322711 -267880545922576085 7232635936888715536 3818861429819932286 


13686 13721
